1352609626
1335445259
232138271
1017879957
318623120
1730056864
1343281867
906419202
1864209100
211470868
1185124899
1157663808
1189957753
1750692064
1211004703
1709599852
461572
203659635
904633835
1729498464
1758114392
1395875870
974973605
1364766465
1851705640
1168523870
595909
1625746264
1382095270
160155367
1344329984
1301423396
1718816544
255597356
326580094
1274375051
1652470320
1278054427
341093006
166177892
922314
1866344120
1117638261
2062959
1869523016
1226693287
1392019763
1308590871
1716403360
1293552173
226792053
1690651012
167362592
1021608260
1859452684
386090
1322063473
1239552588
1849384552
312361398
1648679456
1328445706
101439
383737387
965521902
1352687230
1835085632
256650622
1027476366
1299497966
1382534364
817716419
1394194408
1354024375
1345543841
877418662
1381726131
215599850
912420675
937926907
1308634012
209839494
1731132496
322803910
1283537978
1377984625
1228579965
1273987838
202714577
1217260731
211754770
163444982
256621836
1784146840
1221216474
1356506991
1349526354
1250671711
1403041886
257932722
1332201059
336406582
1145423173
307974549
1228623860
902832871
1344525200
1755766848
950513665
1222177859
1309486906
1344651566
1702707088
1367781707
952267212
354415557
1777433656
1633707376
255560142
1835599424
1404141587
1168946834
1694162752
1309526736
1380140856
1737807264
163952722
1694280320
1231450361
1802159604
162242570
452212183
1173784335
1779965376
1343358412
1634136704
1705884288
1224370647
1674560580
1350767356
1384956774
982483183
896627993
1271703492
1772004864
209504862
1842546944
1323833853
984832281
1301280429
377033273
1178892422
428328397
207307496
1816455024
1277982998
977329723
1388510863
1368720180
1384507051
1183518863
1230768358
1386036289
1210532915
1256149887
1347107904
324562404
1205681109
1346408840
1386882184
1402515212
1149995605
1205326307
906543268
315149456
1741441024
1362064049
943746929
1290378436
1698512840
192770435
1703832452
1225279400
254987122
3075993
1363222789
1625671124
317438612
1372306671
1744796960
324232798
1271321635
257776933
1303790680
1406863034
1366273860
1216159314
1278785647
1198578890
1745169288
1362250066
331402228
966251724
1376489024
1345714763
1020302164
1341410464
343709482
1324910930
1372593092
1641289368
163696622
1328020688
323676306
1360464912
1402135354
18024
1787227292
1356980775
1150625178
982431187
1332116283
1620183112
161472836
1380194602
1370237163
1329564262
1257524833
340409926
1638243064
1851359184
1370119319
1864128688
1877378632
908919004
1282242032
209647134
1707804864
1757881696
1389748633
206746956
532872
862595354
1337064587
1671263536
1716479736
340902190
1766625616
1684110420
1866412368
324950408
1344795985
1755692064
1379080721
1302031011
1814474512